MIN_LATITUDE=40.145000;
MAX_LATITUDE=40.167000;

MIN_LONGITUDE=-8.879000;
MAX_LONGITUDE=-8.835000;

NODES=1051;
EDGES=1229;

DENSITY=0.00003;

BOUNDARIES=0;

ONEWAY=0;
BOTHWAYS=1;