MIN_LATITUDE=37.012000;
MAX_LATITUDE=37.023000;

MIN_LONGITUDE=-7.939000;
MAX_LONGITUDE=-7.921000;

NODES=534;
EDGES=593;

DENSITY=0.00003;

BOUNDARIES=0;

ONEWAY=0;
BOTHWAYS=1;