MIN_LATITUDE=41.17153;
MAX_LATITUDE=41.17477;

MIN_LONGITUDE=-8.601544;
MAX_LONGITUDE=-8.596456;

NODES=52;
EDGES=64;

DENSITY=0.00003;

BOUNDARIES=0;

ONEWAY=0;
BOTHWAYS=0;