MIN_LATITUDE=41.14026

MIN_LONGITUDE=-8.616236

MAX_LATITUDE=41.16182

MAX_LONGITUDE=-8.59306

NODES=941

EDGES=992