MIN_LATITUDE=39.00200;
MAX_LATITUDE=39.10200;

MIN_LONGITUDE=-28.07500;
MAX_LONGITUDE=-27.93500;

NODES=6123;
EDGES=6278;

DENSITY=0.0001;

BOUNDARIES=1;

ONEWAY=0;
BOTHWAYS=0;