MIN_LATITUDE=40.40950;
MAX_LATITUDE=40.41850;

MIN_LONGITUDE=-3.712000;
MAX_LONGITUDE=-3.698500;

NODES=277;
EDGES=297;

DENSITY=0.00004;

BOUNDARIES=1;

ONEWAY=0;
BOTHWAYS=0;