MIN_LATITUDE=40.81200;
MAX_LATITUDE=40.83300;

MIN_LONGITUDE=-73.91550;
MAX_LONGITUDE=-73.89800;

NODES=111;
EDGES=125;

DENSITY=0.000025;

BOUNDARIES=0;

ONEWAY=0;
BOTHWAYS=0;