MIN_LATITUDE=48.833500;
MAX_LATITUDE=48.885200;

MIN_LONGITUDE=2.272500;
MAX_LONGITUDE=2.376700;

NODES=16053;
EDGES=18393;

DENSITY=0.0001;

BOUNDARIES=0;

ONEWAY=0;
BOTHWAYS=1;