MIN_LATITUDE=41.139600;
MAX_LATITUDE=41.156500;

MIN_LONGITUDE=-8.625000;
MAX_LONGITUDE=-8.598500;

NODES=2059;
EDGES=2168;

DENSITY=0.0001;

BOUNDARIES=0;

ONEWAY=0;
BOTHWAYS=1;