MIN_LATITUDE=35.67000;
MAX_LATITUDE=35.72500;

MIN_LONGITUDE=139.782000;
MAX_LONGITUDE=139.854000;

NODES=8099;
EDGES=10469;

DENSITY=0.0001;

BOUNDARIES=0;

ONEWAY=0;
BOTHWAYS=1;