MIN_LATITUDE=41.290000;
MAX_LATITUDE=41.318000;
MIN_LONGITUDE=-7.760000;
MAX_LONGITUDE=-7.732000;

NODES=1756;
EDGES=1914;

BOUNDARIES=0;

ONEWAY=0;
BOTHWAYS=0;