MIN_LATITUDE=40.74500;
MAX_LATITUDE=40.80500;

MIN_LONGITUDE=-74.01100;
MAX_LONGITUDE=-73.92800;

NODES=9917;
EDGES=11261;

DENSITY=0.0001;

delta latitude  = 0.05800
delta longitude = 0.08200